100 100
0 0
1 0
2 0
3 0
4 0
5 0
92 0
93 0
94 0
95 0
96 0
97 0
98 0
99 0
0 1
1 1
2 1
3 1
93 1
94 1
95 1
96 1
97 1
98 1
99 1
0 2
1 2
2 2
94 2
95 2
96 2
97 2
98 2
99 2
0 3
1 3
95 3
96 3
97 3
98 3
99 3
0 4
1 4
45 4
46 4
96 4
97 4
98 4
99 4
0 5
44 5
45 5
46 5
97 5
98 5
99 5
43 6
44 6
45 6
97 6
98 6
99 6
42 7
43 7
44 7
45 7
98 7
99 7
41 8
42 8
43 8
44 8
45 8
99 8
41 9
42 9
43 9
44 9
45 9
48 9
40 10
41 10
42 10
43 10
44 10
45 10
48 10
39 11
40 11
41 11
42 11
43 11
44 11
45 11
48 11
49 11
39 12
40 12
41 12
42 12
43 12
44 12
45 12
48 12
49 12
38 13
39 13
40 13
41 13
42 13
43 13
44 13
45 13
48 13
49 13
38 14
39 14
40 14
41 14
42 14
43 14
44 14
45 14
48 14
49 14
37 15
38 15
39 15
40 15
41 15
42 15
43 15
44 15
45 15
48 15
49 15
50 15
37 16
38 16
39 16
40 16
41 16
42 16
43 16
44 16
45 16
48 16
49 16
50 16
37 17
38 17
39 17
40 17
41 17
42 17
43 17
44 17
45 17
48 17
49 17
50 17
36 18
37 18
38 18
39 18
40 18
41 18
42 18
43 18
44 18
45 18
48 18
49 18
50 18
51 18
36 19
37 19
38 19
39 19
40 19
41 19
42 19
43 19
44 19
45 19
48 19
49 19
50 19
51 19
36 20
37 20
38 20
39 20
40 20
41 20
42 20
43 20
44 20
45 20
46 20
49 20
50 20
51 20
32 21
36 21
37 21
38 21
39 21
40 21
41 21
42 21
43 21
44 21
45 21
46 21
49 21
50 21
51 21
52 21
32 22
35 22
36 22
37 22
38 22
39 22
40 22
41 22
42 22
43 22
44 22
45 22
46 22
49 22
50 22
51 22
52 22
31 23
32 23
35 23
36 23
37 23
38 23
39 23
40 23
41 23
42 23
43 23
44 23
45 23
46 23
49 23
50 23
51 23
52 23
53 23
31 24
32 24
35 24
36 24
37 24
38 24
39 24
40 24
41 24
42 24
43 24
44 24
45 24
46 24
47 24
49 24
50 24
51 24
52 24
31 25
32 25
35 25
36 25
37 25
38 25
39 25
40 25
41 25
42 25
43 25
44 25
45 25
46 25
47 25
28 26
30 26
31 26
32 26
35 26
36 26
37 26
38 26
39 26
40 26
41 26
42 26
43 26
44 26
45 26
46 26
53 26
54 26
55 26
30 27
31 27
32 27
35 27
36 27
37 27
38 27
39 27
40 27
41 27
42 27
43 27
44 27
45 27
51 27
52 27
53 27
54 27
55 27
56 27
27 28
30 28
31 28
32 28
35 28
36 28
37 28
38 28
39 28
40 28
41 28
42 28
43 28
44 28
47 28
48 28
51 28
52 28
53 28
54 28
55 28
56 28
57 28
59 28
27 29
30 29
31 29
32 29
35 29
36 29
37 29
38 29
39 29
40 29
41 29
42 29
43 29
45 29
46 29
47 29
48 29
49 29
51 29
52 29
53 29
54 29
55 29
56 29
57 29
59 29
27 30
30 30
31 30
32 30
35 30
36 30
37 30
38 30
39 30
40 30
41 30
42 30
43 30
44 30
45 30
46 30
47 30
48 30
49 30
50 30
52 30
53 30
54 30
55 30
56 30
57 30
58 30
60 30
26 31
27 31
29 31
30 31
31 31
32 31
33 31
35 31
36 31
37 31
38 31
39 31
40 31
41 31
42 31
43 31
44 31
45 31
46 31
47 31
48 31
55 31
56 31
57 31
58 31
59 31
61 31
27 32
29 32
30 32
31 32
32 32
33 32
35 32
36 32
37 32
38 32
39 32
40 32
41 32
42 32
43 32
44 32
45 32
46 32
47 32
53 32
54 32
55 32
62 32
29 33
30 33
31 33
32 33
33 33
35 33
36 33
37 33
38 33
39 33
40 33
41 33
42 33
43 33
44 33
45 33
46 33
48 33
26 34
31 34
32 34
33 34
35 34
36 34
37 34
38 34
39 34
40 34
41 34
42 34
43 34
44 34
45 34
47 34
23 35
25 35
26 35
27 35
29 35
32 35
33 35
34 35
36 35
37 35
38 35
39 35
40 35
41 35
42 35
43 35
44 35
46 35
47 35
25 36
26 36
27 36
28 36
29 36
30 36
31 36
32 36
33 36
34 36
36 36
37 36
38 36
39 36
40 36
41 36
42 36
43 36
44 36
46 36
53 36
54 36
63 36
22 37
25 37
26 37
27 37
28 37
29 37
30 37
31 37
32 37
33 37
34 37
35 37
36 37
37 37
38 37
39 37
40 37
41 37
42 37
43 37
45 37
46 37
47 37
48 37
52 37
53 37
54 37
55 37
63 37
64 37
22 38
25 38
28 38
30 38
31 38
32 38
33 38
34 38
35 38
36 38
37 38
38 38
39 38
40 38
41 38
42 38
43 38
44 38
45 38
46 38
47 38
48 38
49 38
52 38
53 38
54 38
55 38
57 38
63 38
64 38
65 38
22 39
25 39
32 39
33 39
34 39
35 39
36 39
37 39
38 39
39 39
40 39
41 39
42 39
43 39
44 39
45 39
46 39
47 39
48 39
49 39
52 39
53 39
54 39
55 39
63 39
64 39
65 39
66 39
68 39
69 39
70 39
22 40
33 40
34 40
35 40
36 40
37 40
38 40
39 40
40 40
41 40
42 40
43 40
44 40
45 40
46 40
47 40
48 40
49 40
51 40
54 40
59 40
60 40
62 40
63 40
64 40
65 40
67 40
68 40
69 40
70 40
71 40
22 41
34 41
35 41
36 41
37 41
38 41
39 41
40 41
41 41
42 41
43 41
44 41
45 41
46 41
47 41
48 41
49 41
51 41
52 41
59 41
60 41
62 41
63 41
64 41
65 41
67 41
68 41
69 41
70 41
71 41
28 42
35 42
36 42
37 42
38 42
39 42
40 42
41 42
42 42
43 42
44 42
45 42
46 42
47 42
48 42
49 42
51 42
52 42
59 42
61 42
62 42
63 42
64 42
66 42
67 42
68 42
69 42
70 42
71 42
28 43
29 43
30 43
35 43
36 43
37 43
38 43
39 43
40 43
41 43
42 43
43 43
44 43
45 43
46 43
47 43
48 43
49 43
51 43
52 43
53 43
60 43
61 43
62 43
63 43
64 43
66 43
67 43
68 43
69 43
70 43
71 43
28 44
29 44
30 44
35 44
36 44
37 44
38 44
39 44
40 44
41 44
42 44
43 44
44 44
45 44
46 44
47 44
48 44
49 44
50 44
51 44
52 44
53 44
54 44
55 44
58 44
59 44
60 44
61 44
62 44
63 44
65 44
66 44
67 44
68 44
69 44
70 44
71 44
26 45
27 45
28 45
36 45
37 45
38 45
39 45
40 45
41 45
42 45
43 45
44 45
45 45
46 45
47 45
48 45
49 45
50 45
51 45
54 45
55 45
56 45
57 45
58 45
59 45
60 45
65 45
66 45
67 45
68 45
69 45
70 45
71 45
26 46
27 46
28 46
29 46
36 46
37 46
38 46
39 46
40 46
41 46
42 46
43 46
44 46
45 46
46 46
47 46
48 46
49 46
50 46
51 46
52 46
53 46
56 46
57 46
59 46
60 46
62 46
63 46
64 46
65 46
66 46
67 46
68 46
69 46
70 46
71 46
25 47
26 47
27 47
28 47
29 47
33 47
35 47
36 47
37 47
38 47
39 47
40 47
41 47
42 47
43 47
44 47
45 47
46 47
47 47
48 47
49 47
50 47
51 47
52 47
53 47
54 47
55 47
56 47
57 47
58 47
59 47
60 47
61 47
62 47
63 47
64 47
65 47
66 47
67 47
68 47
69 47
70 47
71 47
26 48
28 48
29 48
35 48
36 48
37 48
38 48
39 48
40 48
41 48
42 48
43 48
44 48
45 48
46 48
47 48
48 48
49 48
50 48
51 48
52 48
53 48
54 48
55 48
56 48
57 48
58 48
59 48
60 48
61 48
62 48
63 48
64 48
65 48
66 48
67 48
68 48
69 48
70 48
71 48
26 49
27 49
29 49
30 49
36 49
37 49
38 49
39 49
40 49
41 49
42 49
43 49
44 49
45 49
46 49
47 49
48 49
49 49
50 49
52 49
53 49
55 49
56 49
57 49
58 49
59 49
60 49
61 49
62 49
63 49
64 49
65 49
66 49
67 49
68 49
69 49
70 49
71 49
27 50
30 50
31 50
32 50
33 50
34 50
35 50
36 50
38 50
39 50
40 50
41 50
42 50
43 50
44 50
45 50
46 50
47 50
48 50
49 50
50 50
51 50
53 50
54 50
56 50
58 50
59 50
60 50
61 50
62 50
63 50
64 50
65 50
66 50
67 50
68 50
69 50
70 50
71 50
27 51
28 51
33 51
34 51
35 51
38 51
39 51
40 51
41 51
42 51
43 51
44 51
45 51
46 51
47 51
48 51
49 51
50 51
51 51
52 51
53 51
54 51
55 51
56 51
57 51
59 51
60 51
61 51
62 51
63 51
64 51
65 51
66 51
67 51
68 51
69 51
70 51
71 51
26 52
27 52
28 52
29 52
30 52
31 52
32 52
33 52
37 52
38 52
39 52
40 52
41 52
42 52
43 52
44 52
45 52
46 52
47 52
48 52
49 52
50 52
51 52
52 52
53 52
54 52
55 52
56 52
57 52
58 52
59 52
60 52
61 52
62 52
63 52
64 52
65 52
66 52
67 52
68 52
69 52
70 52
71 52
26 53
27 53
28 53
29 53
31 53
32 53
34 53
35 53
36 53
37 53
38 53
39 53
40 53
41 53
42 53
43 53
44 53
45 53
46 53
47 53
48 53
49 53
50 53
51 53
52 53
53 53
54 53
55 53
56 53
57 53
58 53
59 53
60 53
61 53
62 53
63 53
64 53
65 53
66 53
67 53
68 53
69 53
70 53
26 54
27 54
29 54
30 54
32 54
34 54
35 54
36 54
37 54
38 54
39 54
40 54
41 54
42 54
43 54
44 54
45 54
46 54
47 54
48 54
49 54
50 54
51 54
52 54
53 54
54 54
55 54
56 54
57 54
58 54
59 54
60 54
61 54
62 54
63 54
64 54
65 54
66 54
67 54
68 54
69 54
70 54
26 55
27 55
28 55
30 55
31 55
32 55
33 55
35 55
36 55
40 55
41 55
42 55
43 55
44 55
45 55
46 55
47 55
48 55
49 55
50 55
51 55
52 55
53 55
54 55
55 55
56 55
57 55
58 55
59 55
60 55
61 55
62 55
63 55
64 55
65 55
66 55
67 55
68 55
69 55
70 55
26 56
27 56
28 56
29 56
30 56
31 56
32 56
33 56
34 56
39 56
40 56
41 56
42 56
43 56
44 56
45 56
46 56
47 56
48 56
49 56
50 56
51 56
52 56
53 56
54 56
55 56
56 56
57 56
58 56
59 56
60 56
61 56
62 56
63 56
64 56
65 56
66 56
67 56
68 56
69 56
26 57
27 57
28 57
29 57
30 57
31 57
32 57
33 57
34 57
35 57
38 57
39 57
40 57
41 57
42 57
43 57
44 57
45 57
46 57
47 57
48 57
49 57
50 57
51 57
52 57
53 57
54 57
55 57
56 57
57 57
58 57
59 57
60 57
61 57
62 57
63 57
64 57
65 57
66 57
67 57
68 57
69 57
26 58
27 58
28 58
29 58
30 58
31 58
32 58
33 58
34 58
35 58
36 58
37 58
38 58
39 58
40 58
41 58
42 58
43 58
44 58
45 58
46 58
47 58
48 58
49 58
50 58
51 58
52 58
53 58
54 58
55 58
56 58
57 58
58 58
59 58
60 58
61 58
62 58
63 58
64 58
65 58
66 58
67 58
68 58
69 58
26 59
27 59
28 59
29 59
30 59
31 59
32 59
33 59
34 59
35 59
36 59
37 59
38 59
39 59
40 59
41 59
42 59
43 59
44 59
45 59
46 59
47 59
48 59
49 59
50 59
51 59
52 59
53 59
54 59
55 59
56 59
57 59
58 59
59 59
60 59
61 59
62 59
63 59
64 59
65 59
66 59
67 59
68 59
70 59
26 60
27 60
28 60
29 60
30 60
31 60
32 60
33 60
34 60
35 60
36 60
37 60
38 60
39 60
40 60
41 60
42 60
43 60
44 60
45 60
46 60
47 60
48 60
49 60
50 60
51 60
52 60
53 60
54 60
55 60
56 60
57 60
58 60
59 60
60 60
61 60
62 60
63 60
64 60
65 60
66 60
67 60
68 60
70 60
27 61
28 61
29 61
30 61
31 61
32 61
33 61
34 61
35 61
36 61
37 61
38 61
39 61
40 61
41 61
42 61
43 61
44 61
45 61
46 61
47 61
48 61
49 61
50 61
51 61
52 61
53 61
54 61
55 61
56 61
57 61
58 61
59 61
60 61
61 61
62 61
63 61
64 61
65 61
66 61
67 61
68 61
69 61
70 61
27 62
28 62
29 62
30 62
31 62
32 62
33 62
34 62
35 62
36 62
37 62
38 62
43 62
44 62
45 62
46 62
47 62
48 62
49 62
50 62
51 62
52 62
53 62
54 62
55 62
56 62
57 62
58 62
59 62
60 62
61 62
62 62
63 62
64 62
65 62
66 62
67 62
68 62
69 62
28 63
29 63
30 63
31 63
32 63
33 63
34 63
35 63
36 63
37 63
38 63
39 63
44 63
45 63
46 63
47 63
48 63
49 63
50 63
51 63
52 63
53 63
54 63
55 63
56 63
57 63
58 63
59 63
60 63
61 63
62 63
63 63
64 63
65 63
66 63
67 63
68 63
69 63
29 64
30 64
31 64
32 64
33 64
34 64
35 64
36 64
37 64
38 64
39 64
40 64
41 64
42 64
43 64
44 64
45 64
46 64
47 64
48 64
49 64
50 64
51 64
52 64
53 64
54 64
55 64
56 64
57 64
58 64
59 64
60 64
61 64
62 64
63 64
64 64
65 64
66 64
67 64
68 64
69 64
30 65
31 65
32 65
33 65
34 65
35 65
36 65
37 65
38 65
39 65
40 65
41 65
42 65
43 65
44 65
45 65
46 65
47 65
48 65
49 65
50 65
51 65
52 65
53 65
54 65
55 65
56 65
57 65
58 65
59 65
60 65
61 65
62 65
63 65
64 65
65 65
66 65
67 65
68 65
0 66
31 66
32 66
33 66
34 66
35 66
36 66
37 66
38 66
39 66
40 66
44 66
45 66
46 66
47 66
48 66
49 66
50 66
51 66
52 66
53 66
54 66
55 66
56 66
57 66
58 66
59 66
60 66
61 66
62 66
63 66
64 66
65 66
66 66
67 66
0 67
32 67
33 67
34 67
35 67
36 67
37 67
38 67
39 67
40 67
41 67
44 67
45 67
46 67
47 67
48 67
49 67
50 67
51 67
52 67
53 67
54 67
55 67
56 67
57 67
58 67
59 67
60 67
61 67
62 67
63 67
64 67
65 67
66 67
67 67
0 68
1 68
33 68
34 68
35 68
36 68
37 68
38 68
39 68
40 68
41 68
42 68
43 68
44 68
45 68
46 68
47 68
48 68
49 68
50 68
51 68
52 68
53 68
54 68
55 68
56 68
57 68
58 68
59 68
60 68
61 68
62 68
63 68
64 68
65 68
66 68
67 68
0 69
1 69
34 69
35 69
36 69
37 69
38 69
39 69
40 69
41 69
42 69
43 69
44 69
45 69
46 69
47 69
48 69
49 69
50 69
51 69
52 69
53 69
54 69
55 69
56 69
57 69
58 69
59 69
60 69
61 69
62 69
63 69
65 69
66 69
0 70
1 70
2 70
7 70
35 70
36 70
37 70
38 70
39 70
40 70
41 70
42 70
43 70
44 70
45 70
46 70
47 70
48 70
49 70
50 70
51 70
52 70
53 70
54 70
55 70
56 70
57 70
58 70
59 70
60 70
61 70
62 70
63 70
64 70
65 70
66 70
0 71
1 71
2 71
3 71
7 71
36 71
37 71
38 71
39 71
40 71
41 71
42 71
43 71
44 71
45 71
46 71
47 71
48 71
49 71
50 71
51 71
52 71
53 71
54 71
55 71
56 71
57 71
58 71
59 71
60 71
62 71
63 71
64 71
65 71
0 72
1 72
2 72
3 72
4 72
5 72
8 72
37 72
38 72
39 72
40 72
41 72
42 72
43 72
44 72
45 72
46 72
47 72
48 72
49 72
50 72
51 72
52 72
53 72
54 72
55 72
56 72
57 72
58 72
61 72
62 72
63 72
64 72
65 72
0 73
1 73
2 73
3 73
4 73
5 73
8 73
23 73
38 73
39 73
40 73
41 73
42 73
43 73
44 73
45 73
46 73
47 73
48 73
49 73
50 73
51 73
52 73
53 73
54 73
55 73
56 73
57 73
60 73
61 73
62 73
63 73
64 73
0 74
1 74
2 74
3 74
4 74
5 74
6 74
8 74
10 74
23 74
39 74
40 74
41 74
42 74
43 74
44 74
45 74
46 74
47 74
48 74
49 74
50 74
51 74
52 74
53 74
54 74
55 74
59 74
60 74
61 74
62 74
63 74
64 74
91 74
99 74
0 75
1 75
2 75
3 75
4 75
5 75
6 75
7 75
8 75
10 75
40 75
41 75
42 75
43 75
44 75
45 75
46 75
47 75
48 75
49 75
50 75
51 75
52 75
53 75
58 75
59 75
60 75
61 75
62 75
63 75
98 75
0 76
1 76
2 76
3 76
4 76
5 76
6 76
7 76
8 76
9 76
11 76
24 76
41 76
42 76
43 76
44 76
45 76
46 76
47 76
48 76
49 76
50 76
51 76
57 76
58 76
59 76
60 76
61 76
62 76
63 76
90 76
98 76
0 77
1 77
2 77
3 77
4 77
5 77
6 77
7 77
8 77
9 77
11 77
24 77
42 77
43 77
44 77
45 77
46 77
47 77
48 77
56 77
57 77
58 77
59 77
60 77
61 77
62 77
90 77
92 77
97 77
98 77
0 78
1 78
2 78
3 78
4 78
5 78
6 78
7 78
8 78
9 78
10 78
11 78
12 78
25 78
44 78
45 78
55 78
56 78
57 78
58 78
59 78
60 78
61 78
89 78
92 78
97 78
99 78
0 79
1 79
2 79
3 79
4 79
5 79
6 79
7 79
8 79
9 79
10 79
11 79
12 79
13 79
17 79
18 79
19 79
25 79
54 79
55 79
56 79
57 79
58 79
59 79
60 79
61 79
88 79
92 79
96 79
97 79
99 79
0 80
1 80
2 80
3 80
4 80
5 80
6 80
7 80
8 80
9 80
10 80
11 80
12 80
13 80
14 80
15 80
16 80
17 80
18 80
19 80
20 80
21 80
22 80
26 80
53 80
54 80
55 80
56 80
57 80
58 80
82 80
83 80
84 80
85 80
86 80
91 80
95 80
96 80
98 80
99 80
0 81
1 81
2 81
3 81
4 81
5 81
6 81
7 81
8 81
9 81
10 81
11 81
12 81
13 81
14 81
15 81
16 81
17 81
18 81
19 81
20 81
21 81
22 81
23 81
26 81
52 81
53 81
54 81
55 81
56 81
77 81
78 81
79 81
80 81
81 81
82 81
83 81
84 81
85 81
86 81
87 81
91 81
94 81
95 81
96 81
97 81
98 81
99 81
0 82
1 82
2 82
3 82
4 82
5 82
6 82
7 82
8 82
9 82
10 82
11 82
12 82
13 82
14 82
15 82
16 82
17 82
18 82
19 82
20 82
21 82
22 82
23 82
24 82
25 82
27 82
52 82
53 82
75 82
76 82
77 82
78 82
79 82
80 82
81 82
82 82
83 82
84 82
85 82
86 82
87 82
90 82
93 82
94 82
95 82
96 82
97 82
98 82
99 82
0 83
1 83
2 83
3 83
4 83
5 83
6 83
7 83
8 83
9 83
10 83
11 83
12 83
13 83
14 83
15 83
16 83
17 83
18 83
19 83
20 83
21 83
22 83
23 83
24 83
25 83
26 83
27 83
28 83
31 83
33 83
34 83
73 83
74 83
75 83
76 83
77 83
78 83
79 83
80 83
81 83
82 83
83 83
84 83
85 83
86 83
87 83
90 83
91 83
92 83
93 83
94 83
95 83
96 83
97 83
98 83
99 83
0 84
1 84
2 84
3 84
4 84
5 84
6 84
7 84
8 84
9 84
10 84
11 84
12 84
13 84
14 84
15 84
16 84
17 84
18 84
19 84
20 84
21 84
22 84
23 84
24 84
25 84
26 84
27 84
28 84
29 84
30 84
31 84
32 84
33 84
34 84
35 84
36 84
41 84
70 84
71 84
72 84
73 84
74 84
75 84
76 84
77 84
78 84
79 84
80 84
81 84
82 84
83 84
84 84
85 84
86 84
87 84
88 84
90 84
91 84
92 84
93 84
94 84
95 84
96 84
97 84
98 84
99 84
0 85
1 85
2 85
3 85
4 85
5 85
6 85
7 85
8 85
9 85
10 85
11 85
12 85
13 85
14 85
15 85
16 85
17 85
18 85
19 85
20 85
21 85
22 85
23 85
24 85
25 85
26 85
27 85
28 85
29 85
30 85
31 85
32 85
33 85
34 85
35 85
36 85
37 85
38 85
39 85
40 85
42 85
68 85
69 85
70 85
71 85
72 85
73 85
74 85
75 85
76 85
77 85
78 85
79 85
80 85
81 85
82 85
83 85
84 85
85 85
86 85
87 85
88 85
90 85
91 85
92 85
93 85
94 85
95 85
96 85
97 85
98 85
99 85
0 86
1 86
2 86
3 86
4 86
5 86
6 86
7 86
8 86
9 86
10 86
11 86
12 86
13 86
14 86
15 86
16 86
17 86
18 86
19 86
20 86
21 86
22 86
23 86
24 86
25 86
26 86
27 86
28 86
29 86
30 86
31 86
32 86
33 86
34 86
35 86
36 86
37 86
38 86
39 86
40 86
41 86
42 86
66 86
67 86
68 86
69 86
70 86
71 86
72 86
73 86
74 86
75 86
76 86
77 86
78 86
79 86
80 86
81 86
82 86
83 86
84 86
85 86
86 86
87 86
90 86
91 86
92 86
93 86
94 86
95 86
96 86
97 86
98 86
99 86
0 87
1 87
2 87
3 87
4 87
5 87
6 87
7 87
8 87
9 87
10 87
11 87
12 87
13 87
14 87
15 87
16 87
17 87
18 87
19 87
20 87
21 87
22 87
23 87
24 87
25 87
26 87
27 87
28 87
29 87
30 87
31 87
32 87
33 87
34 87
35 87
36 87
37 87
46 87
47 87
48 87
63 87
64 87
65 87
66 87
67 87
68 87
69 87
70 87
71 87
72 87
73 87
74 87
75 87
76 87
77 87
78 87
79 87
80 87
81 87
82 87
83 87
84 87
85 87
86 87
87 87
91 87
92 87
93 87
94 87
95 87
96 87
97 87
98 87
99 87
0 88
1 88
2 88
3 88
4 88
5 88
6 88
7 88
8 88
9 88
10 88
11 88
12 88
13 88
14 88
15 88
16 88
17 88
18 88
19 88
20 88
21 88
22 88
23 88
24 88
25 88
26 88
27 88
28 88
29 88
30 88
31 88
32 88
33 88
34 88
35 88
43 88
44 88
45 88
46 88
47 88
48 88
61 88
62 88
63 88
64 88
65 88
66 88
67 88
68 88
69 88
70 88
71 88
72 88
73 88
74 88
75 88
76 88
77 88
78 88
79 88
80 88
81 88
82 88
83 88
84 88
85 88
86 88
87 88
92 88
93 88
94 88
95 88
96 88
97 88
98 88
99 88
0 89
1 89
2 89
3 89
4 89
5 89
6 89
7 89
8 89
9 89
10 89
11 89
12 89
13 89
14 89
15 89
16 89
17 89
18 89
19 89
20 89
21 89
22 89
23 89
24 89
25 89
26 89
27 89
28 89
29 89
30 89
31 89
32 89
33 89
38 89
39 89
40 89
41 89
42 89
43 89
44 89
45 89
46 89
47 89
48 89
59 89
60 89
61 89
62 89
63 89
64 89
65 89
66 89
67 89
68 89
69 89
70 89
71 89
72 89
73 89
74 89
75 89
76 89
77 89
78 89
79 89
80 89
81 89
82 89
83 89
84 89
85 89
86 89
87 89
94 89
95 89
96 89
97 89
98 89
99 89
0 90
1 90
2 90
3 90
4 90
5 90
6 90
7 90
8 90
9 90
10 90
11 90
12 90
13 90
14 90
15 90
16 90
17 90
18 90
19 90
20 90
21 90
22 90
23 90
24 90
25 90
26 90
27 90
28 90
29 90
30 90
34 90
35 90
36 90
37 90
38 90
39 90
40 90
41 90
42 90
43 90
44 90
45 90
46 90
47 90
48 90
57 90
58 90
59 90
60 90
61 90
62 90
63 90
64 90
65 90
66 90
67 90
68 90
69 90
70 90
71 90
72 90
73 90
74 90
75 90
76 90
77 90
78 90
79 90
80 90
81 90
82 90
83 90
84 90
85 90
86 90
91 90
92 90
93 90
95 90
96 90
97 90
98 90
99 90
0 91
1 91
2 91
3 91
4 91
5 91
6 91
7 91
8 91
9 91
10 91
11 91
12 91
13 91
14 91
15 91
16 91
17 91
18 91
19 91
20 91
21 91
22 91
23 91
24 91
25 91
26 91
32 91
33 91
34 91
35 91
36 91
37 91
38 91
39 91
40 91
41 91
42 91
43 91
44 91
45 91
46 91
47 91
48 91
57 91
58 91
59 91
60 91
61 91
62 91
63 91
64 91
65 91
69 91
70 91
71 91
72 91
73 91
74 91
75 91
76 91
77 91
78 91
79 91
80 91
81 91
82 91
83 91
84 91
85 91
86 91
90 91
91 91
92 91
93 91
94 91
96 91
97 91
98 91
99 91
0 92
1 92
2 92
3 92
4 92
5 92
6 92
7 92
8 92
9 92
10 92
11 92
12 92
13 92
14 92
15 92
16 92
17 92
18 92
19 92
20 92
21 92
22 92
23 92
28 92
29 92
30 92
31 92
32 92
33 92
34 92
35 92
36 92
37 92
38 92
39 92
40 92
41 92
42 92
43 92
44 92
45 92
46 92
47 92
48 92
56 92
57 92
58 92
59 92
60 92
61 92
62 92
63 92
64 92
70 92
71 92
72 92
73 92
74 92
75 92
76 92
77 92
78 92
79 92
80 92
81 92
82 92
83 92
84 92
85 92
86 92
89 92
90 92
91 92
92 92
93 92
94 92
97 92
98 92
99 92
0 93
1 93
2 93
3 93
4 93
5 93
6 93
7 93
8 93
9 93
10 93
11 93
12 93
13 93
14 93
15 93
16 93
17 93
18 93
19 93
20 93
21 93
26 93
27 93
28 93
29 93
30 93
31 93
32 93
33 93
34 93
35 93
36 93
37 93
38 93
39 93
40 93
41 93
42 93
43 93
44 93
45 93
46 93
47 93
48 93
55 93
56 93
57 93
58 93
59 93
60 93
61 93
70 93
71 93
72 93
73 93
74 93
75 93
76 93
77 93
78 93
79 93
80 93
81 93
82 93
83 93
84 93
85 93
88 93
89 93
90 93
91 93
92 93
93 93
94 93
95 93
99 93
0 94
1 94
2 94
3 94
4 94
5 94
6 94
7 94
8 94
9 94
10 94
11 94
12 94
13 94
14 94
15 94
16 94
17 94
18 94
19 94
20 94
24 94
25 94
26 94
27 94
28 94
29 94
30 94
31 94
32 94
33 94
34 94
35 94
36 94
37 94
38 94
39 94
40 94
41 94
42 94
43 94
44 94
45 94
46 94
47 94
54 94
55 94
56 94
57 94
58 94
59 94
60 94
71 94
72 94
73 94
74 94
75 94
76 94
77 94
78 94
79 94
80 94
81 94
82 94
83 94
84 94
85 94
88 94
89 94
90 94
91 94
92 94
93 94
94 94
95 94
96 94
97 94
98 94
0 95
1 95
2 95
3 95
4 95
5 95
6 95
7 95
8 95
9 95
10 95
11 95
12 95
13 95
14 95
15 95
16 95
17 95
18 95
19 95
23 95
24 95
25 95
26 95
27 95
28 95
29 95
30 95
31 95
32 95
33 95
34 95
35 95
36 95
37 95
38 95
39 95
40 95
41 95
42 95
43 95
44 95
45 95
46 95
54 95
55 95
56 95
71 95
72 95
73 95
74 95
75 95
76 95
77 95
78 95
79 95
80 95
81 95
82 95
83 95
84 95
85 95
88 95
89 95
90 95
91 95
92 95
93 95
94 95
95 95
96 95
97 95
98 95
99 95
0 96
1 96
2 96
3 96
4 96
5 96
6 96
7 96
8 96
9 96
10 96
11 96
12 96
13 96
14 96
15 96
16 96
17 96
18 96
22 96
23 96
24 96
25 96
26 96
27 96
28 96
29 96
30 96
31 96
32 96
33 96
34 96
35 96
36 96
37 96
38 96
39 96
40 96
41 96
42 96
43 96
44 96
45 96
46 96
53 96
54 96
62 96
63 96
64 96
65 96
66 96
72 96
73 96
74 96
75 96
76 96
77 96
78 96
79 96
80 96
81 96
82 96
83 96
84 96
85 96
87 96
88 96
89 96
90 96
91 96
92 96
93 96
94 96
95 96
96 96
97 96
98 96
99 96
0 97
1 97
2 97
3 97
4 97
5 97
6 97
7 97
8 97
9 97
10 97
11 97
12 97
13 97
14 97
15 97
16 97
21 97
22 97
23 97
24 97
25 97
26 97
27 97
28 97
29 97
30 97
31 97
32 97
33 97
34 97
35 97
36 97
37 97
38 97
39 97
40 97
41 97
42 97
43 97
44 97
45 97
53 97
58 97
59 97
60 97
61 97
62 97
63 97
64 97
65 97
66 97
67 97
68 97
73 97
74 97
75 97
76 97
77 97
78 97
79 97
80 97
81 97
82 97
83 97
84 97
87 97
88 97
89 97
90 97
91 97
92 97
93 97
94 97
95 97
96 97
97 97
98 97
99 97
0 98
1 98
2 98
3 98
4 98
5 98
6 98
7 98
8 98
9 98
10 98
11 98
12 98
13 98
14 98
15 98
19 98
20 98
21 98
22 98
23 98
24 98
25 98
26 98
27 98
28 98
29 98
30 98
31 98
32 98
33 98
34 98
35 98
36 98
37 98
38 98
39 98
40 98
41 98
42 98
43 98
44 98
52 98
53 98
56 98
57 98
58 98
59 98
60 98
61 98
62 98
63 98
64 98
65 98
66 98
67 98
68 98
69 98
74 98
75 98
76 98
77 98
78 98
79 98
80 98
81 98
82 98
83 98
84 98
86 98
87 98
88 98
89 98
90 98
91 98
92 98
93 98
94 98
95 98
96 98
97 98
98 98
99 98
0 99
1 99
2 99
3 99
4 99
5 99
6 99
7 99
8 99
9 99
10 99
11 99
12 99
13 99
14 99
17 99
18 99
19 99
20 99
21 99
22 99
23 99
24 99
25 99
26 99
27 99
28 99
29 99
30 99
31 99
32 99
33 99
34 99
35 99
36 99
37 99
38 99
39 99
40 99
41 99
42 99
51 99
52 99
55 99
56 99
57 99
58 99
59 99
60 99
61 99
62 99
63 99
64 99
65 99
66 99
67 99
68 99
69 99
70 99
71 99
75 99
76 99
77 99
78 99
79 99
80 99
81 99
82 99
83 99
84 99
86 99
87 99
88 99
89 99
90 99
91 99
92 99
93 99
94 99
95 99
96 99
97 99
98 99
99 99
